746f64647a0000000000000000000000626f6277617465727300000000000000626c6168776861746576657200000000
























626c616877686174657665727300000626c6168776861746576657273000007465737469
7
4
0
0
0
0
0
0
0
0
0
0
0
0
0
0
0
0
0
0
0
746573746974000000000000000000746573746974000000000000
00
00
00
74
65
73
74
69
74
32
00
00
00
00
00
00
00
00
746573746974320000000000000007465737469743
300
000
000
000
000
074
657
374
697
433
000
000
000
000
000
746573746974657277657265777274657374
6974
6572
7765
7265
7772
7465
7374
7769
7468
0000
0000
0000
746573747769746800000000000746573747
76974
68320
00000
00074
65737
47769
74683
20000
00000
746573747769746833000000007465737477697468
330000
000074
657374
776974
683400
000000
746573747769746834000000066346236336139322d37336566634
6236336
139322d
3733656
65653262316330352d37343065653262316330352d37343038376230383439372d373861
38376230383439372d373861382d3131