7265616c6573746174652d6c697374697265616c6573746174652d6c6973746973697465000000000000000000000000

























73697465000000000000000000000007369746500000000000000000000000736974650
0
0
0
0
0
0
0
0
0
0
0
0
0
0
0
0
0
0
0
0
0
0
736974650000000000000000000000696e646578000000000000
00
00
00
00
69
6e
64
65
78
00
00
00
00
00
00
00
00
00
00
696e6465780000000000000000000696e646578
000
000
000
000
000
000
069
6e6
465
780
000
000
000
000
000
000
696e6465780000000000000000007465
7374
2d69
6e64
6578
0000
0000
7465
7374
2d69
6e64
6578
0000
0000
696e64657800000000000000000696e
64657
80000
00000
00000
00069
6e646
57800
00000
00000
00000
696e6465780000000000000000696e646578
000000
000000
000069
6e6465
780000
000000
000000
6d657373616765000000000006d65737361676500000000
000636c
6173736
9666965
642d616
636c61737369666965642d61636c61737369666965642d61636c617373696669
65642d61
70726f70657274792d6c69770726f70657274792d6c697374696e67