746573742d696e646578000000000000746573742d696e646578320000000000746573742d696e646578320000000000























746573742d696e64657833000000000746573742d696e6465783300000000074657374303
0
3
0
3
0
3
1
0
0
0
0
0
0
0
0
0
0
0
0
0
74657374303030303100000000000031653562623262612d39346230
2d
31
31
65
35
62
62
32
62
61
2d
39
34
62
30
2d
31
31643561623264622d393462332d33164356162326462
2d3
934
623
32d
361
323
866
353
161
622
d39
346
234
2d3
61323866353161622d393462342d303766366631
6236
2d39
3462
352d
3037
6636
6631
6236
2d39
3462
352d
36383839373831392d39346235236383839373831
392d3
93462
35265
35656
63032
64392
d3934
62352
65356566303264392d3934623537386334623762612d3934
623637
386334
623762
612d39
346236
63623865333662612d393462363623865333662612d393462331353535313
866302d
3934623
31353535313866302d39346238633131613137622d39346238633131613137622d393462652d3131