66383239333831352d393532322d313166383239333831352d393532322d313134336262643463302d393532362d3131





















34336262643463302d393532362d31364303663326466342d393532362d3136430366332646
6
3
4
2
d
3
9
3
5
3
2
3
6
2
d
3
1
3
30626561346435392d393532372d3130626561346435392d393532372d31
34
63
66
35
61
35
65
66
2d
39
35
32
38
2d
31
34636635613565662d393532382d335346130373364642d3935
326
62d
335
346
130
373
364
642
d39
353
266
2d3
35323231343038352d393533312d35323231343038352d39
3533
312d
6334
3162
3666
3064
2d39
3533
322d
63343162366630642d39353332231653131366338322d393533
33231
65313
13663
38322
d3935
33332
30633264376663622d3935333430633264376663622d3935333430326634
633839
642d39
353430
30326634633839642d393534363303166326232372d393534663303166326232372d3935346
32306535653236312d393534642d3131